103.353934  27.109158  14.952     6.5      .349
103.349761  27.114098   5.056     3.0      .294
103.338704  27.115887  10.464     1.8      .286
103.360149  27.113677   7.475     2.2      .306
103.328220  27.141956  11.518     1.4      .336
103.379795  27.095396   5.077     2.3      .268
103.402846  27.062650   6.565     2.2      .362
103.355210  27.118672  12.503     1.6      .323
103.349307  27.116985   6.306     1.5      .286
103.368190  27.110493   4.932     2.2      .356
103.402634  27.042085   9.342     2.2      .266
103.376887  27.135151  14.101     2.7      .342
103.388773  27.058473   5.883     1.3      .246
103.355580  27.118981  14.864     1.5      .228
103.421066  27.045237  27.020     1.3      .264
103.374997  27.135392  14.642     2.7      .317
103.370202  27.121369   9.440     1.6      .352
103.343786  27.114033   8.314     1.6      .272
103.336068  27.142637  11.799     1.2      .424
103.374182  27.113786   5.289     2.0      .254
103.366229  27.130105   8.896     1.2      .293
103.389627  27.107235  24.057     1.2      .344
103.408492  27.049581  14.360      .6      .289
103.407153  27.054391  11.233     1.7      .293
103.393606  27.127412  21.580     1.2      .282
103.364025  27.108470  22.857     1.3      .297
103.357867  27.120310  10.196     1.3      .292
103.374740  27.115439  15.223     1.3      .394
103.378885  27.088331   9.752     1.5      .257
103.384746  27.092239   9.280     1.7      .349
103.387993  27.103224  14.495     2.2      .333
103.383164  27.064992   5.252     1.5      .369
103.395199  27.064526   9.489     2.1      .318
103.349737  27.114659   7.231     2.9      .295
103.317538  27.105347   9.195     1.7      .317
103.327894  27.094741   2.975     1.6      .309
103.368972  27.121503   2.615     1.4      .204
103.371468  27.105006  12.345     3.0      .324
103.293207  27.094904   6.173     1.6      .202
103.332825  27.097039  10.129     2.0      .310
103.317722  27.113429  14.738     1.7      .238
103.408849  27.057919  15.805     1.6      .310
103.353503  27.109148   7.745     2.3      .329
103.400726  27.062686   8.996     2.4      .305
103.368862  27.102411   7.132     4.1      .313
103.377080  27.111801   8.229     1.6      .188
103.396705  27.050816   7.641     2.3      .202
103.359746  27.101848   6.185     2.4      .284
103.398185  27.066824   9.514     2.1      .211
103.320268  27.105679   8.889     2.4      .238
103.387128  27.062763   9.922     2.9      .326
103.395645  27.068898   8.007     1.6      .325
103.382441  27.098271   9.842     1.4      .272
103.375378  27.098102   5.353     2.2      .333
103.373240  27.135179   1.739     1.6      .300
103.378837  27.115443   8.839     1.6      .284
103.296688  27.109890   7.349     1.9      .241
103.335629  27.118414   4.554     1.6      .287
103.349115  27.113387  11.289     1.6      .244
103.326520  27.103063   7.013     1.8      .296
103.387247  27.103040   7.218     2.1      .300
103.390584  27.118170  12.761     4.0      .331
103.303943  27.094896   7.299     1.2      .202
103.388646  27.096825   7.276     1.9      .275
103.416555  27.025067  10.301     1.9      .235
103.352432  27.110916   6.783     1.5      .219
103.344859  27.113706   5.713     1.7      .268
103.379644  27.120722  14.937     1.9      .299
103.362672  27.118594  17.007     4.0      .313
103.358004  27.102303  10.329     1.4      .314
103.353181  27.098689   8.375     1.5      .257
103.402490  27.031681  12.609     1.9      .234
103.385243  27.105775   7.453     2.8      .284
103.285345  27.105975   9.615     1.4      .221
103.386638  27.073530   5.842     1.2      .261
103.342021  27.103646   6.485      .9      .300
103.389519  27.111290  15.156     1.6      .330
103.349218  27.117136  16.000     2.5      .261
103.398112  27.084764   3.201      .9      .226
103.402740  27.049488   3.352     1.0      .277
103.372930  27.129570  12.864     1.0      .268
103.395574  27.069685  13.043     1.7      .251
103.332310  27.103170  10.623      .8      .298
103.353337  27.118540   2.711     1.1      .220
103.300128  27.110503   7.381     1.0      .242
103.358538  27.117760   9.600     1.2      .327
103.405341  27.053583   4.012      .8      .219
103.401695  27.033698  10.735     2.3      .264
103.400493  27.050178   7.658     1.3      .256
103.321634  27.123667   3.792     1.1      .289
103.348278  27.107237  12.062      .9      .196
103.399915  27.036377   6.134     1.6      .291
103.381117  27.135160  11.984     1.1      .240
103.264934  27.120727  11.061     1.4      .251
103.339393  27.105304   6.954     1.7      .245
103.340322  27.110198   8.715     1.7      .240
103.396917  27.059887  10.094     1.1      .300
103.372825  27.105892   7.491     4.2      .305
103.387008  27.060461   7.291     1.3      .202
103.344701  27.105780   5.386      .8      .275
103.352983  27.119253  23.415      .5      .258
103.313300  27.090164  10.381     1.6      .286
103.407746  27.035121  10.073      .8      .214
103.290849  27.098662   8.861     1.4      .253
103.350706  27.110317  11.863      .8      .266
103.344986  27.126916   4.811      .9      .247
103.329241  27.117592   3.553      .8      .214
103.361952  27.113861   3.656     1.7      .366
103.319858  27.105516   9.643     2.3      .336
103.415718  27.006648   9.536     1.0      .276
103.393006  27.067793  11.778     2.2      .313
103.315937  27.096905  13.552      .3      .281
103.357504  27.116249   8.912     1.1      .277
103.394452  27.076792   8.753     2.7      .275
103.385309  27.112600  28.985      .9      .199
103.278929  27.102264   7.623      .9      .202
103.357707  27.118363   8.289      .7      .316
103.377714  27.100305   8.815     3.1      .301
103.321483  27.121551   3.273     1.2      .235
103.329686  27.122674   1.462     1.1      .207
103.400209  27.056671   1.915      .8      .211
103.410604  27.016205   4.341     1.8      .279
103.368163  27.119984  12.738     1.8      .261
103.383037  27.082423   3.793     1.3      .165
103.350299  27.118110   9.895     1.1      .244
103.349304  27.112324   3.392     1.4      .369
103.385473  27.079434   9.663     1.2      .209
103.361572  27.106410  10.225     2.6      .240
103.349145  27.106166   5.131     1.5      .253
103.364534  27.105173   3.641     1.2      .305
103.386512  27.083580  11.700     1.3      .233
103.385099  27.055194   6.654     2.0      .311
103.375917  27.100564  12.307      .4      .248
103.330942  27.121224   9.170     1.7      .252
103.403736  27.070442   1.447     1.1      .202
103.360782  27.122103  14.509     1.2      .286
103.383879  27.098814   3.092     1.6      .258
103.391992  27.091442   8.347     1.8      .228
103.350343  27.108278   8.791      .8      .243
103.327474  27.093061   4.276     1.2      .285
103.402513  27.033301   6.502     1.6      .278
103.365818  27.105451   8.744      .7      .223
103.403659  27.063326   8.714     1.8      .267
103.387375  27.074247  12.712     1.0      .267
103.317809  27.089711   6.224     1.1      .252
103.387109  27.067596   5.180     1.0      .175
103.326473  27.166724   6.080     1.2      .267
103.339997  27.145394   4.752      .9      .220
103.312438  27.098780   6.112     1.4      .257
103.377977  27.119835   9.405     1.3      .257
103.371997  27.093433   2.812      .6      .225
103.367401  27.106803   8.836     1.0      .271
103.405468  27.043285   2.652      .7      .328
103.396525  27.058674   1.703      .7      .217
103.365942  27.124596  20.159      .5      .282
103.318123  27.096089  13.961      .6      .308
103.389945  27.076395  13.186      .7      .220
103.300411  27.107408   8.035     1.3      .215
103.377953  27.115479   7.633     1.7      .300
103.372107  27.124510  11.268      .5      .244
103.319069  27.097546   4.389      .8      .287
103.368255  27.125933  14.356     1.4      .287
103.335812  27.102727   6.260      .8      .277
103.400275  27.058024   2.070      .5      .181
103.324929  27.101964  12.166      .7      .288
103.419203  27.056519  11.568      .7      .201
103.355212  27.104577  14.554     1.0      .226
103.397816  27.055471   7.101      .5      .254
103.398943  27.030963  10.560      .9      .217
103.364602  27.111044  15.074     1.7      .269
103.392588  27.081515  11.658     1.9      .252
103.350009  27.106552  11.425     2.4      .285
103.409983  27.054496  14.225     1.1      .321
103.352031  27.109554  12.009     1.1      .232
103.358486  27.133153  24.665      .1      .261
103.338877  27.172061   9.594      .9      .316
103.378922  27.059894  18.458      .4      .393
103.366439  27.104863  12.178     1.2      .277
103.377131  27.124335  15.162     1.1      .306
103.347754  27.133298  17.979      .4      .241
103.321956  27.114521  12.047      .2      .365
103.350936  27.131611  17.156     1.1      .281
103.354749  27.118054  14.992      .6      .289
103.323538  27.103909   2.724      .4      .200
103.355933  27.103320   5.348      .4      .171
103.371215  27.086070   4.095      .5      .249
103.314225  27.185528   3.688      .7      .235
103.327640  27.105003   5.737      .6      .236
103.277924  27.089270  12.024     2.6      .229
103.395794  27.071011   7.264      .6      .219
103.310476  27.109851   6.733      .5      .182
103.350911  27.106585  12.876      .8      .255
103.345343  27.117290  17.238     2.8      .299
103.397995  27.078281  14.524     1.6      .340
103.395175  27.062422   6.660     1.1      .188
103.419090  27.020251   6.172     1.4      .336
103.359554  27.116214   7.822     1.0      .314
103.379567  27.126819  14.042     2.9      .298
103.383532  27.097294  15.098     1.0      .250
103.372620  27.114446   6.717     2.4      .265
103.366451  27.109931   3.654     1.2      .274
103.343505  27.110619   9.215     1.8      .243
103.383195  27.124724  12.181     1.2      .208
103.321135  27.112095  10.500     1.8      .286
103.334181  27.115824   8.702     1.5      .235
103.361725  27.124409   8.083     1.3      .278
103.325042  27.107356  10.632     1.0      .239
103.332713  27.106181   9.707     1.0      .162
103.361207  27.119186   5.366      .6      .255
103.388894  27.117165  12.785     1.0      .195
103.390710  27.076384  10.575     2.6      .319
103.351923  27.108463   6.430      .7      .223
103.280785  27.111185   8.836     1.4      .225
103.402293  27.060400   6.945     1.2      .240
103.398162  27.063293   7.862     1.0      .234
103.351439  27.100877   6.067     1.6      .273
103.403094  27.038351  12.061     2.4      .262
103.238604  27.110005   6.141     2.3      .276
103.243309  27.108736   8.251     1.0      .180
103.383863  27.106535  11.123     1.5      .210
103.422149  27.075019   3.516      .5      .219
103.319555  27.189307  11.221      .6      .324
103.359812  27.119697   9.537      .4      .236
103.358163  27.112116  11.771     1.1      .265
103.259308  27.100047   8.547      .3      .296
103.381870  27.125491  12.021      .9      .291
103.307086  27.108959   9.957      .7      .175
103.372482  27.103765  13.698     1.3      .252
103.349039  27.093704   8.557      .7      .269
103.320126  27.104587   6.589      .5      .214
103.306576  27.104562   5.030      .6      .262
103.325903  27.103798  12.437     1.7      .335
103.326432  27.106535  11.505     1.0      .199
103.392839  27.070777  12.605      .2      .111
103.380262  27.095747   7.212      .6      .221
103.319478  27.101732  12.505      .5      .232
103.366982  27.114631  13.121     1.7      .263
103.349169  27.106818   7.264      .4      .270
103.361703  27.118953  12.395      .9      .213
103.335541  27.101831   7.639      .3      .200
103.412341  27.010885   7.041     1.2      .277
103.395587  27.013996   2.798      .6      .332
103.347865  27.107763  12.079      .0      .187
103.403453  27.047548   6.293     1.0      .249
103.400937  27.072169   5.279      .2      .271
103.242180  27.111418   7.636      .9      .188
103.333094  27.111698   7.249      .3      .240
103.368601  27.109896   6.153      .4      .193
103.362947  27.103752   8.675     1.5      .258
103.391141  27.069968   7.611     1.1      .307
103.376575  27.086094   6.423      .8      .266
103.341878  27.111248  15.667     3.0      .321
103.236194  27.112177  10.422     1.3      .165
103.338907  27.104521  11.357      .6      .211
103.347686  27.099677  13.804     1.2      .177
103.362563  27.108583  12.034      .1      .143
103.424650  27.019609  11.377     1.8      .269
103.229117  27.112943   7.466     2.2      .258
103.325318  27.110438   6.803      .9      .179
103.277255  27.109870   8.959     1.9      .274
103.376782  27.091659   9.277     1.2      .194
103.343933  27.104784   5.427      .5      .139
103.365613  27.107953  15.214     1.9      .276
103.293224  27.110004   5.965      .9      .239
103.402539  27.050731   2.964      .9      .292
103.355806  27.109187   6.216      .8      .231
103.353236  27.108483  11.169     1.3      .245
103.387527  27.093152  13.765     1.3      .210
103.356912  27.103202  13.292      .5      .181
103.375683  27.107175  12.640     1.2      .159
103.341750  27.116598  12.470      .4      .262
103.390341  27.074352   5.196      .9      .241
103.383056  27.115320   4.648      .6      .229
103.420178  27.109192  16.902      .9      .157
103.420426  27.110891  17.245      .9      .167
103.379307  27.083484  13.540      .6      .205
103.400590  27.035072   8.183      .5      .153
103.397768  27.060768  11.032     1.5      .269
103.392409  27.080310  14.285      .4      .232
103.369402  27.109153  15.976     2.4      .273
103.376191  27.121713   7.757     1.5      .269
103.298840  27.112058  10.644      .2      .193
103.361141  27.102422  13.735      .1      .158
103.294250  27.104603   7.464      .5      .154
103.379208  27.092961  12.892      .7      .172
103.363672  27.102548   6.981      .7      .193
103.369831  27.110860   9.834      .1      .204
103.350457  27.104011   5.201      .6      .302
103.413122  27.023638   7.859      .6      .213
103.432416  27.021856   7.437      .1      .283
103.330828  27.112670   6.522      .1      .148
103.332942  27.119671  11.613     1.3      .232
103.413152  27.017619   6.640      .2      .185
103.379713  27.118315  12.899      .3      .192
103.380532  27.118893  12.957     1.6      .245
103.381595  27.115306  11.653      .4      .192
103.396865  27.069918   8.023      .9      .236
103.395147  27.075316  12.302      .1      .178
103.419847  27.109429  16.560      .4      .225
103.238117  27.105950  10.027      .5      .283
103.388651  27.114599   7.554      .3      .167
103.337744  27.116837   7.283      .1      .207
103.371715  27.120334   7.458     2.2      .283
103.329993  27.111596   7.390      .5      .165
103.287484  27.109007   7.170      .7      .157
103.341214  27.107746  11.476     1.4      .219
103.375480  27.119136   7.096     1.4      .263
103.370076  27.103502  13.404      .3      .180
103.416957  27.048168  11.644     3.0      .274
103.381544  27.118961  12.229      .3      .187
103.376601  27.103555  15.870      .3      .160
103.373297  27.117850   6.574     1.0      .190
103.376295  27.116960   9.512      .6      .159
103.377878  27.121181   7.407      .9      .240
103.373483  27.098604  12.111     1.6      .250
103.390946  27.057059   6.698     1.7      .286
103.365665  27.093835  11.573      .3      .188
103.413324  27.016444   6.704     1.2      .317
103.369320  27.125971  15.474      .4      .169
103.320277  27.101366   9.840     1.5      .185
103.356546  27.104327  10.621     1.6      .240
103.382087  27.069400   9.420     1.0      .216
103.343591  27.117479   6.117      .3      .182
103.234677  27.109319   7.621     1.0      .169
103.300151  27.101948   3.368      .7      .190
103.347927  27.108152  16.765      .3      .171
103.360540  27.106451  11.614      .6      .150
103.345441  27.105899  11.226     1.9      .255
103.346371  27.099978   9.107      .2      .138
103.385249  27.090568  12.809      .3      .175
103.379730  27.111397  12.330     1.3      .179
103.371894  27.093836  12.807      .7      .190
103.372682  27.122210   4.458      .9      .222
103.389288  27.103970   7.653      .2      .233
103.400324  27.039963   9.962     1.4      .204
103.333751  27.116923   4.442      .2      .270
103.264659  27.117713   7.695     1.7      .257
103.260406  27.122571   7.932     1.1      .238
103.351721  27.105755   6.784      .6      .152
103.402868  27.016721   7.737      .1      .204
103.376006  27.096477   4.407      .2      .137
103.359019  27.108870   6.974      .2      .177
103.352564  27.106167   7.647      .5      .197
103.354371  27.103335   8.082     2.1      .314
103.384635  27.091845   6.169      .0      .252
103.363991  27.107072  12.168     1.8      .233
103.366517  27.100318   4.468      .2      .149
103.324230  27.102657   5.026      .1      .253
103.399474  27.034313   8.537     1.4      .248
103.361563  27.109775   7.973     1.4      .259
103.361508  27.107061   5.905      .8      .195
103.368087  27.123277   4.530      .5      .199
103.362123  27.104581   6.875     1.4      .210
103.362021  27.111522   6.344      .3      .221
103.369248  27.124550   5.928     1.7      .231
103.361627  27.109685   7.199      .3      .198
103.363292  27.106260  13.525     1.1      .186
103.358805  27.101855   6.602     1.0      .258
103.375539  27.099076  11.604      .5      .175
103.402555  27.032725   7.025     1.0      .189
103.343171  27.102056   7.027     1.1      .200
103.362947  27.109828  11.601     2.1      .223
103.361427  27.114035  12.931      .3      .173
103.363542  27.108708  11.210      .8      .153
103.271239  27.093561  11.544      .1      .253
103.386069  27.124719  10.964      .5      .140
103.397636  27.026563   9.462      .8      .158
103.369414  27.118757   7.336      .8      .188
103.360448  27.108591  13.424      .4      .131
103.381290  27.093621  16.865      .0      .123
103.362792  27.110924  12.426     2.1      .213
103.362055  27.107691   9.425     1.2      .127
103.367319  27.089065   4.441      .9      .205
103.360266  27.105716   7.575     3.2      .251
103.363031  27.101135  11.840     1.2      .143
103.340131  27.117141  11.396      .8      .128
103.362524  27.101630   5.719      .7      .171
103.352867  27.114616   6.711      .8      .203
103.354433  27.107372   8.190     1.5      .179
103.323178  27.101249  12.462     2.1      .312
103.360359  27.105805  15.114     2.7      .230
103.380560  27.092385  11.354      .4      .183
103.361566  27.110090  13.542      .1      .156
103.355158  27.109481  15.029     2.8      .250
103.363050  27.098314  11.641      .9      .195
103.356873  27.105246   6.105     1.6      .216
103.362002  27.101011   6.423     1.6      .234
103.363940  27.103539  14.918      .6      .141
103.388203  27.084250   6.725     1.6      .193
103.358775  27.108244  14.083      .9      .192
103.394019  27.064490   9.640     1.6      .253
103.381596  27.120579  13.163     2.5      .250
103.364764  27.107571  10.275     1.2      .158
103.324870  27.113529   7.848      .1      .147
103.378205  27.126462  11.986      .1      .165
103.382330  27.125876  14.143      .3      .249
103.364152  27.108129   5.637      .6      .174
103.378549  27.117478   7.941      .0      .133
103.325055  27.114040    .930      .5      .224
103.353661  27.119720  15.895     2.6      .295
103.415732  27.043827   6.088      .5      .196
103.351133  27.112119   4.581      .7      .152
103.362680  27.097716   3.894      .0      .140
103.359597  27.113291  15.626      .4      .169
103.402431  27.027751  11.387     1.1      .227
103.362649  27.122002  14.307     1.9      .242
103.339352  27.118437  12.750      .3      .135
103.382453  27.124448   3.759      .1      .185
103.404345  27.025994  11.770     1.4      .234
103.409074  27.066172  11.889     1.6      .265
103.353537  27.106047   7.841     1.1      .250
103.413946  27.014909   9.723     1.1      .264
103.364443  27.102052  10.606      .0      .207
103.405091  27.049514   6.604      .7      .279
103.357550  27.114947  12.325      .3      .216
103.357579  27.111103   9.481      .2      .138
103.395556  27.077652  12.121      .8      .165
103.337235  27.112586  13.154     2.5      .256
103.404597  27.057670   7.599      .5      .184
103.358870  27.104638  11.913      .6      .158
103.407867  27.061109   9.728      .8      .175
103.356868  27.106336  12.955      .9      .224
103.334368  27.122120   6.396      .2      .185
103.340451  27.112459  11.579      .6      .254
103.372905  27.116069   7.535      .1      .244
103.353616  27.104790  11.834      .7      .250
103.332760  27.116349    .891      .6      .197
103.332286  27.115143   6.752     1.3      .279
103.365700  27.111016  11.307     1.8      .239
103.326889  27.103070  14.113      .4      .224
103.367815  27.108188  13.490     2.3      .250
103.362983  27.107029   5.101     1.2      .171
103.388818  27.075576   6.748     1.1      .184
103.408524  27.016034  15.030      .6      .281
103.363894  27.113161  15.004     2.3      .213
103.384151  27.120971   7.751      .7      .190
103.402440  27.025514  12.250     1.8      .246
103.396595  27.032547  11.372     1.2      .176
103.349750  27.123716  12.209      .6      .151
103.309374  27.099722   7.858     1.2      .172
103.400344  27.068915  11.435     1.2      .273
103.404765  27.023036  11.142     1.8      .241
103.403866  27.029635   9.555     1.1      .208
103.376695  27.107388  10.732     1.0      .231
103.359426  27.124821   8.262     1.2      .223
103.409065  27.043069  13.957      .1      .254
103.355952  27.102249   9.391      .7      .127
103.349650  27.115273  13.155     1.0      .219
103.356062  27.099341  15.847      .3      .218
103.409493  27.049728   9.227     1.0      .233
103.297460  27.106725  11.083      .8      .159
103.325458  27.129509   9.535     1.7      .230
103.395409  27.054353   7.748     1.3      .189
103.415191  27.016641   9.493      .4      .182
103.411526  27.051575  11.715     2.1      .252
103.322411  27.108425   4.771     1.0      .178
103.353721  27.107880  14.731      .8      .181
103.329694  27.204337   7.553      .4      .293
103.393901  27.052692   7.289      .1      .229
103.385177  27.112040  12.373      .8      .251
103.311001  27.160456   6.388     1.4      .201
103.349382  27.120348  20.149      .3      .185
103.406561  27.057714  11.704     1.0      .173
103.196094  27.093276   8.736      .7      .198
103.381171  27.123905  14.441      .1      .209
103.400548  27.063787  13.697      .5      .156
103.163779  27.123112  11.642      .7      .199
103.397453  27.078920  13.141      .6      .210
103.299745  27.101958   5.310      .8      .220
103.308775  27.172248  11.241      .5      .221
103.378710  27.129899  16.052     1.0      .237
103.403648  27.029830  11.315      .2      .242
103.407322  27.024067  10.592      .6      .233
103.371913  27.133017  15.706      .4      .166
103.239528  27.088759  10.940     2.2      .275
103.429739  27.133460  10.429     1.4      .191
103.245482  27.099763   3.559      .7      .200
103.388705  27.082063  12.477     2.2      .229
103.396260  27.064222  12.552     1.1      .203
103.390751  27.070695  11.199     1.0      .177
103.375030  27.119252  12.751      .9      .194
103.387276  27.088909  14.497      .4      .129
103.396452  27.044232  11.494      .8      .247
103.388524  27.100963  12.910      .2      .231
103.192226  27.107160   8.172     1.1      .218
103.362612  27.107642   5.364     1.0      .239
103.397465  27.063219  12.425      .1      .146
103.384300  27.119631  12.869      .3      .232
103.383493  27.124313  13.394     1.1      .202
103.430148  27.133459   7.845      .5      .258
103.320518  27.102180  10.145      .3      .154
103.285526  27.114950   7.113      .2      .170
103.205118  27.098239   7.828      .8      .264
103.385501  27.102008   7.823      .1      .255
103.393056  27.072802  14.278      .6      .168
103.375338  27.124423  10.354     1.0      .230
103.412557  27.050069   9.992      .5      .218
103.352385  27.104387   1.146      .1      .139
103.329190  27.204800   6.152      .5      .246
103.299922  27.111122   9.968      .9      .167
103.298253  27.134662   7.400      .1      .237
103.374880  27.110498   8.522      .2      .188
103.382398  27.128065  16.295      .2      .226
103.328618  27.108459  12.569      .4      .249
103.378354  27.117098   7.933      .4      .221
103.365887  27.109128  12.842      .1      .181
103.299613  27.104252   7.885     1.1      .204
103.398210  27.063477  11.166      .7      .207
103.383187  27.118272   8.218      .1      .258
103.345222  27.115112  14.772      .8      .149
103.305345  27.104316   6.855      .4      .184
103.297186  27.106968   8.443      .5      .206
103.350895  27.108948  10.822     1.2      .224
103.364524  27.119205  12.964      .3      .177
103.367161  27.104882   8.700      .6      .249
103.337780  27.094256   6.658      .5      .193
103.284070  27.106779   4.124      .9      .198
103.346327  27.113962  16.389     1.1      .233
103.330923  27.107668   6.699     1.1      .232
103.365206  27.112970  11.170      .9      .214
103.357836  27.114425  17.012      .9      .194
103.363417  27.108788  11.717      .8      .108
103.397767  27.127536   9.949      .5      .201
103.392062  27.083289  12.803     1.0      .171
103.361406  27.110337  13.835      .7      .212
103.286778  27.093802   7.750      .4      .249
103.370294  27.101831  14.830     1.2      .204
103.362480  27.101405  15.109     1.6      .230
103.342328  27.108202   7.640      .9      .291
103.285309  27.091304   6.359     1.3      .236
103.314005  27.183828  12.895      .9      .263
103.386446  27.069852  12.790     1.0      .262
103.427189  27.043600   9.978      .9      .224
103.399842  27.051925  12.125     3.4      .293
103.324950  27.089224   3.890      .3      .330
103.351423  27.114858  14.175     1.3      .209
103.290931  27.175099   7.190      .7      .181
103.320639  27.097964   6.534     1.4      .231
103.388414  27.121173  16.274      .5      .212
103.311214  27.104201   7.624      .5      .262
103.289993  27.218276   9.960     1.3      .209
103.398275  27.059682   7.792     1.5      .222
103.327239  27.118938  11.195      .6      .179
103.337057  27.118937  12.368     1.8      .265
103.394390  27.085230  11.258      .7      .259
103.371694  27.089282  13.630      .7      .182
103.383194  27.073854   8.079      .7      .274
103.395572  27.051517   9.812      .9      .174
103.339887  27.114855   6.546      .5      .201
103.393638  27.053105  10.611      .8      .155
103.417594  27.011521   9.247     1.2      .206
103.339134  27.116547   9.729     1.0      .193
103.362789  27.108252  10.866     1.2      .202
103.367876  27.116653  12.527      .9      .212
103.405552  27.051136   4.738     1.0      .237
103.294120  27.111300   7.647     1.4      .268
103.306606  27.105499   8.420      .6      .164
103.388847  27.076493   8.678      .3      .300
103.334456  27.111353   7.580      .8      .176
103.395748  27.133789   9.635      .3      .194
103.345329  27.102389   9.279      .7      .180
103.364159  27.106676   9.724     2.4      .226
103.365393  27.107716   7.072     1.8      .185
103.341650  27.210716  11.182      .9      .183
103.344011  27.105084  10.686      .7      .230
103.359696  27.100135  14.463     1.2      .250
103.396054  27.080896  14.001      .6      .198
103.294813  27.104514  10.613      .5      .167
103.373588  27.113811  15.551      .6      .227
103.399052  27.074476   8.398      .4      .164
103.395775  27.083886  13.039     1.1      .269
103.364559  27.108362  11.816      .6      .183
103.405539  27.045107   8.891      .6      .187
103.359942  27.112197  15.471      .9      .158
103.290715  27.103092   7.307      .5      .164
103.403437  27.059301   9.314      .4      .220
103.374669  27.093815  15.398      .3      .138
103.407023  27.033811   7.623     1.4      .278
103.363851  27.094351   4.764      .4      .203
103.361445  27.104895   6.291      .8      .164
103.377582  27.115089   7.614      .6      .173
103.358698  27.105678  13.144      .0      .155
103.285030  27.091408   7.975      .4      .199
103.338270  27.122039  16.490      .3      .192
103.407931  27.021324  10.792      .6      .197
103.378771  27.118570   9.388      .2      .162
103.369556  27.121091   6.692     1.1      .209
103.382107  27.109289  14.291      .2      .177
103.340266  27.107200   6.614      .2      .204
103.372473  27.105241  13.937     1.1      .191
103.384374  27.122712  10.576      .3      .196
103.334890  27.111627  10.719      .9      .207
103.367458  27.108416  10.251      .7      .159
103.334054  27.112619   2.863      .8      .239
103.333942  27.120632   1.113      .6      .204
103.409401  27.039136   7.775      .8      .186
103.343923  27.111335  16.930      .9      .213
103.385757  27.124784   8.808      .8      .235
103.414296  27.015946   7.716     2.5      .247
103.385789  27.067324   7.569     1.6      .237
103.389952  27.118503  11.576      .8      .225
103.299283  27.172676   9.855     1.3      .217
103.341809  27.116251  16.415      .7      .254
103.398789  27.045042   6.766      .9      .227
103.293126  27.169852   7.414     1.2      .204
103.367986  27.115961  13.932      .5      .182
103.399004  27.073326   8.821      .9      .254
103.346598  27.110914   4.816      .9      .192
103.257721  27.112811  11.863      .6      .235
103.418850  27.051177   8.248      .9      .229
103.356263  27.103008   6.659     1.3      .221
103.360928  27.106841   8.664     1.3      .235
103.391082  27.016844   7.385      .5      .160
103.376343  27.096695  11.967      .5      .140
103.376152  27.060328  10.870      .7      .196
103.408283  27.017497   5.146      .4      .233
103.310161  27.164894   9.200     1.7      .242
103.297806  27.160032  12.784     1.1      .287
103.387358  27.071725  18.782      .5      .230
103.372009  27.113117  10.776      .8      .213
103.413081  27.003796   5.974     1.0      .254
103.368858  27.114564  14.701      .7      .221
103.298502  27.169645   8.567      .8      .220
103.139435  27.189236   8.932     1.3      .281
103.307279  27.167034  10.814     1.3      .241
103.351165  27.108740  16.187      .3      .236
103.407032  27.136250  18.572      .1      .295
103.300932  27.111004   7.532     1.0      .187
103.333473  27.180171   6.322      .5      .159
103.298326  27.112784  12.260      .3      .223
103.354497  27.105668  11.495      .6      .158
103.136352  27.193575   8.053      .5      .265
103.298190  27.108746   7.556      .5      .181
103.287653  27.129951  11.022      .4      .177
103.377764  27.047840   7.287      .6      .190
103.376344  27.110281  10.822      .4      .167
103.383817  27.125782  15.104      .7      .201
103.291808  27.108127   8.956     1.6      .201
103.253231  27.092606   9.701      .9      .199
103.312488  27.111184  13.844      .8      .217
103.378909  27.111388  17.908      .5      .180
103.285223  27.105133   8.238      .5      .177
103.319626  27.121083  12.337      .3      .159
103.333130  27.127598  16.059      .7      .181
103.370219  27.113522   5.642      .9      .219
103.339357  27.124689  14.771      .8      .238
103.324323  27.103747  11.647      .5      .175
103.373740  27.113499  13.892     1.9      .245
103.403502  27.117854  16.509      .8      .158
103.366610  27.114504  11.928     1.2      .198
103.364533  27.108433  13.336      .8      .163
103.350716  27.190835  14.686      .7      .177
103.282377  27.106205   6.647     1.4      .181
103.404398  27.031357  12.384      .8      .212
103.403457  27.015503   7.928      .6      .206
103.401577  27.115051  16.270      .6      .230
103.399378  27.093329  15.511     1.1      .243
103.399570  27.071855  16.760     1.2      .135
103.377953  27.129514  16.752      .9      .250
103.395443  27.094788   7.728      .7      .272
103.321231  27.110696  14.718     1.4      .180
103.291342  27.110548  12.269     1.2      .173
103.402314  27.036634   6.996     1.2      .183
103.379115  27.114414   7.379      .9      .196
103.383608  27.130795  15.352      .5      .271
103.333058  27.113764  15.614     1.5      .185
103.405759  26.924050   6.304      .6      .305
103.388384  27.070243  15.399      .7      .126
103.347981  27.104608   9.766     1.2      .154
103.383865  27.084991  10.663     1.6      .195
103.395348  27.058223  11.252     1.1      .195
103.385204  27.132862  20.110      .9      .285
103.393291  27.068193  12.691      .5      .200
103.334610  27.110805   6.232      .9      .177
103.283186  27.109153   6.742      .7      .183
103.285330  27.097841   8.392      .7      .157
103.384096  27.116013  10.215      .7      .246
103.426691  27.130672   7.814     1.5      .197
103.361799  27.121874   4.925     1.6      .278
103.283258  27.106193   7.166     1.6      .195
103.327589  27.125229  15.286     1.1      .215
103.386911  27.075673  13.084      .2      .189
103.380297  27.126004  16.150      .5      .186
103.392339  27.094466   6.772      .4      .256
103.357641  27.106246  12.237      .6      .126
103.394983  27.049317  11.845      .5      .252
103.410571  27.030423   8.271      .9      .237
103.370069  27.111228   7.849      .3      .138
103.282388  27.108457   6.841     1.2      .169
103.338106  27.120291  12.518     1.1      .228
103.412946  27.023242   8.059     1.2      .184
103.379402  27.079448  11.168      .7      .172
103.337154  27.105022   3.820     1.4      .151
103.316433  27.123443  10.656      .2      .263
103.299012  27.175868  10.693      .8      .189
103.361567  27.104761  10.074      .2      .125
103.427475  27.025566  11.960      .7      .196
103.349699  27.107326   4.045      .8      .147
103.353958  27.111915   7.332     1.6      .236
103.385818  27.067236   5.773     1.7      .212
103.350162  27.097873   6.265     1.7      .227
103.342507  27.110841  14.269     2.4      .258
103.386820  27.079655  11.264     1.0      .188
103.335074  27.121129  16.586      .7      .219
103.399726  27.074574   8.449      .9      .188
103.394685  27.044783  13.718     1.1      .189
103.392188  27.076361   6.975      .3      .235
103.300260  27.111851  10.478     1.1      .186
103.377765  27.103055  18.201     1.0      .139
103.375996  27.106800  17.376      .8      .215
103.370853  27.131315  10.024     1.0      .193
103.372052  27.095360  10.439     3.4      .295
103.371649  27.099105  13.901     1.1      .187
103.373522  27.095681  16.596     1.1      .162
103.371817  27.097881  15.581      .9      .122
103.377307  27.054818   3.963     1.1      .150
103.372103  27.098922  14.880      .7      .117
103.388599  27.116627  11.641      .5      .299
103.288856  27.111097  11.988      .9      .145
103.373148  27.100033  16.967     1.0      .162
103.291734  27.112335   7.248      .5      .163
103.364782  27.090334  13.651      .7      .123
103.367887  27.090392   7.054     1.2      .208
103.417447  27.050503  10.964     1.6      .226
103.298851  27.109864   5.264      .4      .120
103.368322  27.098380  11.627      .3      .121
103.370636  27.096044  13.822      .6      .140
103.371988  27.100877  16.285      .0      .137
103.339198  27.108828   9.307     1.8      .214
103.554758  27.155685   7.731     1.3      .120
103.376419  27.105402  18.714      .5      .176
103.282310  27.100600   8.731      .5      .155
103.359102  27.120781  12.774      .6      .172
103.551007  27.157680   7.979     1.3      .127
103.348654  27.103289   7.617      .4      .118
103.391185  27.075687  15.078      .9      .117
103.291422  27.116949  12.590      .6      .147
103.373907  27.122725  11.087      .2      .155
103.324142  27.186736  13.501      .4      .210
103.293682  27.108791   8.239     1.3      .140
103.369455  27.088041  11.734      .8      .196
103.370972  27.088333  15.018      .1      .178
103.375479  27.108558  10.219      .9      .174
103.370697  27.090757  15.055     1.0      .152
103.552967  27.159650   7.180     1.2      .101
103.376050  26.961571  10.836      .4      .199
103.411882  27.014927   7.401      .4      .166
103.387463  27.076473   5.747     1.6      .241
103.384630  27.092454   7.227      .1      .138
103.357935  27.110350  10.857     1.2      .130
103.291269  27.108483   7.894     1.7      .132
103.358618  27.108193   8.971     2.0      .235
103.389714  27.067411  16.370     1.1      .203
103.370229  27.096870  15.436     1.4      .147
103.404972  27.018792   9.651      .9      .226
103.388157  27.074019   6.957     1.5      .202
103.417057  27.114119  16.885     1.1      .203
103.355863  27.107247  14.442     2.0      .235
103.286701  27.106240   9.762     1.5      .164
103.397456  27.072883  13.483     1.4      .166
103.293962  27.110926   8.694     2.5      .175
103.360751  27.108878  12.022      .9      .116
103.274233  27.099203   1.653      .9      .262
103.370219  27.115302  11.668      .9      .326
103.344022  27.102245   6.850     1.5      .249
103.392657  27.133814  16.372     1.3      .250
103.272857  27.094400   7.683      .8      .165
103.435820  27.136267   7.545      .8      .166
103.281662  27.091158   7.920     1.7      .160
103.296794  27.105820   7.263      .7      .144
103.394248  27.080911   7.302     1.5      .206
103.291055  27.108550   6.108      .6      .182
103.400002  27.053688  10.470      .9      .160
103.375357  27.106201  12.330     1.1      .157
103.294878  27.109983   8.042      .4      .157
103.383828  27.053940  15.123      .7      .143
103.395889  27.091018  16.435      .5      .183
103.367092  27.097327  14.323      .5      .183
103.311770  27.106368   6.552      .0      .149
103.296185  27.109324   9.222      .6      .168
103.361790  27.107586  12.324     1.4      .171
103.318015  27.099883   7.302     2.0      .237
103.255820  27.124379   7.233      .2      .249
103.306357  27.168753   9.973     1.1      .182
103.352544  27.104222  13.398      .4      .240
103.136514  27.189146   7.924      .9      .228
103.388747  27.078421  15.276      .4      .194
103.396301  27.073547   9.831      .0      .230
103.399717  27.082476  15.363      .2      .207
103.294150  27.106808   9.927     1.7      .242
103.271900  27.108738    .021      .1      .201
103.340070  27.106942  10.326      .4      .251
103.405797  27.034546   8.905      .1      .164
103.323822  27.104509  13.019      .1      .319
103.296038  27.104480   7.494      .6      .199
103.352426  27.109669  14.533      .7      .249
103.348782  27.118660  12.297      .3      .210
103.408386  27.002299   7.719      .2      .117
103.404559  27.018472  10.217      .2      .204
103.350093  27.112771  15.941     1.3      .186
103.317301  27.106070   7.372      .1      .179
103.293945  27.122420   6.407      .1      .202
103.356769  27.114870  13.377      .8      .158
103.357224  27.103894  15.312      .3      .172
103.340924  27.119661  10.916     1.0      .181
103.375077  27.119011   8.857     1.4      .202
103.339279  27.113346   4.907      .5      .155
103.346744  27.108797  10.073      .9      .277
103.385765  27.102192   8.542      .0      .234
103.332066  27.106367  12.018      .3      .216
103.382954  27.100560  13.029     1.4      .176
103.293487  27.107382   7.497      .7      .141
103.296804  27.106407   8.135      .6      .115
103.377738  27.055782  11.745     1.7      .226
103.345623  27.100376   7.583     1.1      .183
103.283325  27.107319   6.942     1.9      .198
103.404000  27.057558  13.924     1.7      .235
103.293236  27.101130   6.142      .9      .173
103.399998  27.070322  12.632      .6      .271
103.383316  27.102578   7.272     1.2      .168
103.346487  27.102249  11.934     1.1      .225
103.363288  27.112297  14.790     1.2      .196
103.348701  27.104275  11.255     1.7      .254
103.374208  27.111612   9.019      .9      .179
103.277893  27.100643   7.691     1.5      .186
103.369547  27.114745  12.780     1.3      .187
103.366029  27.115173  14.247     2.0      .194
103.346081  27.108564   5.959     1.1      .204
103.274166  27.097279   7.594     1.7      .193
103.271809  27.091176   9.475     1.4      .273
103.297043  27.109839   9.535     1.3      .182
103.372817  27.112740  11.143      .6      .151
103.296129  27.116456   8.729      .7      .166
103.384499  27.070310  13.469     1.2      .231
103.417081  27.022244  10.935      .6      .223
103.279521  27.098235   6.952     1.6      .137
103.392217  27.128169  12.234      .3      .239
103.354890  27.108210  11.663     1.2      .198
103.367329  27.041153  13.442     1.1      .241
103.307510  27.110949  12.216      .6      .252
103.414596  26.992296  12.765      .6      .203
103.275421  27.093955   7.386     1.4      .211
103.418049  27.043546   5.723      .6      .260
103.389894  27.016502  13.299      .3      .282
103.355878  27.108451   7.577      .8      .190
103.278169  27.101300   6.457      .8      .188
103.349902  27.106537  14.675      .4      .167
103.300436  27.124920   7.465      .2      .138
103.367274  27.127597  14.740      .3      .199
103.289180  27.105761   7.553      .1      .185
103.434523  27.156802  21.455      .6      .242
103.389473  27.124788  12.772      .5      .195
103.345358  27.106494   6.032      .8      .215
103.369377  27.090635   7.917     1.1      .219
103.369446  27.093190  13.163     1.1      .187
103.408837  27.041553  10.916      .9      .217
103.369219  27.103069  11.191     1.3      .235
103.391695  27.071629   8.728     1.1      .196
103.350484  27.104314   6.795     2.1      .276
103.394892  27.053340   6.646     1.2      .229
103.351270  27.106531   5.674     1.4      .292
103.380344  27.104725   6.297     1.1      .265
103.354093  27.108777  11.953      .6      .097
103.360800  27.105810   7.291     1.5      .251
103.364195  27.125307   9.860      .9      .243
103.338778  27.114534   7.401     1.9      .187
103.317646  27.114448   9.152     2.2      .249
103.321546  27.084612  11.063     1.0      .287
103.309866  27.109407   6.024     1.5      .351
103.351493  27.132521  10.246     1.1      .187
103.370268  27.122176  18.146      .6      .211
103.196190  27.118863   9.882      .7      .241
103.403016  27.040769   6.798      .9      .230
103.327203  27.100895   4.876     1.2      .204
103.370638  27.102540  15.447      .6      .170
103.417594  27.004347   6.192      .5      .239
103.291190  27.108010  11.448     1.8      .244
103.314953  27.106269   8.579      .5      .153
103.307477  27.106801   9.741     1.3      .215
103.347339  27.129621  10.955      .3      .242
103.360536  27.105983   6.529     1.2      .194
103.361014  27.108416   7.525      .6      .163
103.353586  27.118392  15.618      .4      .221
103.300820  27.185576  17.872      .9      .255
103.394504  27.090480  11.988      .6      .222
103.402700  27.056326  12.779      .7      .160
103.336086  27.204810   9.951      .8      .226
103.450059  27.123681  10.946      .9      .242
103.411427  27.102243  14.131      .8      .240
103.346845  27.109225   7.689     1.7      .211
103.362118  27.106828  10.805     1.2      .180
103.318046  27.127353  15.270      .5      .253
103.419370  27.040165   8.443      .7      .214
103.283465  27.106445   7.717     2.1      .259
103.363518  27.106932   7.529      .7      .111
103.381988  27.118821   7.862     1.5      .220
103.384135  27.119125  10.921      .8      .240
103.391675  27.096290  14.291     1.0      .215
103.391212  27.085288   6.764      .8      .184
103.348376  27.103483   7.844     1.5      .190
103.398438  27.057015  12.150     1.1      .200
103.149649  27.192355  12.660     1.3      .222
103.408731  27.019509    .052      .9      .270
103.365547  27.109706  13.379      .9      .144
103.413814  27.037284   7.997      .7      .244
103.408573  27.022507   7.609      .8      .168
103.372134  27.104137   7.427      .0      .186
103.323264  27.083194   9.231      .9      .170
103.299304  27.107502   8.710      .4      .214
103.376259  27.112807  10.660      .4      .208
103.300668  27.104369   6.235      .2      .174
103.389102  27.130622  18.746      .3      .227
103.384863  27.121680   2.066      .3      .289
103.393005  27.065023   8.466      .7      .156
103.343733  27.125043  13.582      .3      .193
103.333370  27.160475  11.838      .7      .213
103.305530  27.115034   1.895      .4      .136
103.291423  27.110562   7.993      .6      .273
103.386384  27.074670  13.119     1.3      .225
103.410280  27.096499  14.991     1.0      .229
103.378748  27.094781   7.176      .1      .217
103.398572  27.070380   6.369      .1      .222
103.357933  27.103075  10.815      .4      .166
103.380981  27.124049  10.534      .2      .143
103.345541  27.110747  13.096      .9      .211
103.324324  27.105563  11.972      .8      .199
103.351048  27.105966  13.572     1.0      .221
103.402475  27.097580   9.600     1.1      .198
103.337066  27.116019  10.877      .6      .165
103.338965  27.110286   7.075     1.0      .192
103.383211  27.077763  12.888     1.1      .151
103.356249  27.106565  12.471     2.6      .203
103.362926  27.111663  17.155      .7      .202
103.325378  27.089463   8.993      .2      .208
103.359874  27.144982   6.455      .5      .213
103.387180  27.063604   4.889      .9      .167
103.350203  27.106340  13.412     1.0      .123
103.350730  27.100398   8.945      .9      .122
103.321264  27.114315   5.997      .7      .189
103.359054  27.103960   7.998     2.0      .225
103.341198  27.090392  11.364     1.0      .365
103.402486  27.040179   7.492     1.7      .247
103.396409  27.038207  14.263      .4      .297
103.358350  27.109678   7.610     1.2      .213
103.293379  27.115315   6.791      .5      .258
103.377397  27.094625   9.682      .8      .222
103.374297  27.092360   9.494      .7      .206
103.263393  27.119806  12.179      .1      .163
103.391320  27.032690   7.246      .8      .184
103.381505  27.081079   6.926      .3      .181
103.357841  27.109136  14.600      .6      .227
103.274693  27.099667   9.282     1.4      .231
103.408412  27.041947   7.492     1.1      .202
103.284319  27.114100  12.762      .1      .181
103.387795  27.122349   8.216      .6      .144
103.390000  27.086496  12.022     1.8      .219
103.383087  27.065236  15.512      .3      .230
103.150495  27.191657  10.438      .7      .160
103.392326  27.068205  11.944     1.1      .191
103.386218  27.028011   1.730      .3      .235
103.297553  27.123275  13.618      .8      .182
103.345407  27.101410   8.377      .7      .161
103.366994  27.109217  16.046      .6      .154
103.279856  27.104312   6.480      .1      .081
103.360369  27.112950  16.529     1.1      .168
103.286774  27.104767  10.139      .9      .119
103.329085  27.123094  10.531     1.3      .219
103.385208  27.081435   3.957      .2      .201
103.324966  27.099313   7.998      .5      .162
103.394428  27.066377   5.081      .0      .206
103.326750  27.103736   6.904      .0      .127
103.397820  27.064543  10.667      .8      .209
103.346331  27.100606   4.882      .6      .163
103.396452  27.075439   9.463      .9      .235
103.324775  27.105134   6.501     1.0      .165
103.339005  27.128465  14.732      .8      .224
